0.00	11
0.79	21
1.57	31
2.36	41
2.36	51
3.14	61
3.14	71
3.14	81
3.14	91
3.93	101
4.71	111
4.71	121
3.93	131
4.71	141
4.71	151
4.71	161
4.71	171
5.50	181
5.50	191
4.71	201
4.71	211
4.71	221
5.50	231
5.50	241
5.50	251
4.71	261
5.50	271
5.50	281
5.50	291
4.71	301
5.50	311
5.50	321
5.50	331
5.50	342
5.50	352
5.50	362
5.50	372
5.50	382
4.71	392
5.50	402
5.50	412
5.50	422
4.71	432
5.50	442
5.50	452
5.50	462
5.50	472
5.50	482
5.50	492
5.50	502
5.50	512
5.50	522
5.50	532
5.50	542
5.50	552
4.71	562
5.50	572
5.50	582
5.50	592
5.50	602
5.50	612
6.28	622
5.50	632
5.50	642
5.50	652
5.50	662
5.50	672
5.50	683
5.50	693
5.50	703
5.50	713
5.50	723
5.50	733
5.50	743
5.50	753
5.50	763
4.71	773
5.50	783
5.50	793
5.50	803
4.71	813
5.50	823
5.50	833
5.50	843
5.50	854
5.50	864
5.50	874
5.50	884
5.50	894
4.71	904
5.50	914
5.50	924
5.50	934
5.50	944
5.50	954
6.28	964
5.50	974
5.50	984
5.50	994
5.50	1004
5.50	1014
4.71	1024
6.28	1034
5.50	1044
5.50	1054
5.50	1064
4.71	1074
5.50	1084
5.50	1094
5.50	1104
4.71	1114
5.50	1124
5.50	1134
5.50	1144
5.50	1154
5.50	1164
6.28	1174
5.50	1184
5.50	1195
5.50	1205
5.50	1215
5.50	1225
5.50	1235
4.71	1245
5.50	1255
5.50	1265
5.50	1275
5.50	1285
5.50	1295
5.50	1305
5.50	1315
4.71	1325
6.28	1335
5.50	1345
6.28	1355
5.50	1366
6.28	1376
5.50	1386
6.28	1396
5.50	1406
5.50	1416
5.50	1426
5.50	1436
5.50	1446
4.71	1456
6.28	1466
5.50	1476
5.50	1486
4.71	1496
5.50	1506
5.50	1516
5.50	1526
5.50	1536
5.50	1546
5.50	1556
5.50	1566
5.50	1576
5.50	1586
5.50	1596
6.28	1606
5.50	1616
4.71	1626
5.50	1636
5.50	1646
6.28	1656
4.71	1666
5.50	1676
5.50	1686
5.50	1696
6.28	1707
5.50	1717
6.28	1727
5.50	1737
6.28	1747
4.71	1757
5.50	1767
5.50	1777
5.50	1787
5.50	1797
5.50	1807
5.50	1817
5.50	1827
4.71	1837
5.50	1847
5.50	1857
5.50	1867
5.50	1878
5.50	1888
5.50	1898
5.50	1908
5.50	1918
4.71	1928
5.50	1938
5.50	1948
5.50	1958
5.50	1968
5.50	1978
6.28	1988
5.50	1998
4.71	2008
6.28	2018
5.50	2028
6.28	2038
4.71	2048
5.50	2058
5.50	2068
5.50	2078
5.50	2088
4.71	2098
5.50	2108
5.50	2118
5.50	2128
5.50	2138
5.50	2148
5.50	2158
5.50	2168
4.71	2178
5.50	2188
5.50	2198
5.50	2208
6.28	2219
5.50	2229