0.00	0
0.01	14
0.02	22
0.02	27
0.03	31
0.04	35
0.05	38
0.05	41
0.06	45
0.07	47
0.08	50
0.09	52
0.09	54
0.10	56
0.11	58
0.12	60
0.13	61
0.13	63
0.14	65
0.15	67
0.16	69
0.16	71
0.17	73
0.18	75
0.19	77
0.20	79
0.20	81
0.21	83
0.22	86
0.23	88
0.24	89
0.24	91
0.25	93
0.26	95
0.27	96
0.27	98
0.28	99
0.29	101
0.30	102
0.31	104
0.31	105
0.32	106
0.33	108
0.34	109
0.35	111
0.35	112
0.36	114
0.37	116
0.38	117
0.38	119
0.39	120
0.40	122
0.41	123
0.42	125
0.42	126
0.43	129
0.44	130
0.45	132
0.46	133
0.46	135
0.47	136
0.48	137
0.49	139
0.49	140
0.50	141
0.51	143
0.52	144
0.53	146
0.53	148
0.54	149
0.00	0
0.01	15
0.02	21
0.02	26
0.03	30
0.04	33
0.05	37
0.05	40
0.06	44
0.07	46
0.08	49
0.09	51
0.09	53
0.10	55
0.11	57
0.12	59
0.13	61
0.13	62
0.14	64
0.15	66
0.16	68
0.16	70
0.17	72
0.18	74
0.19	76
0.20	78
0.20	79
0.21	81
0.22	83
0.23	86
0.24	88
0.24	90
0.25	91
0.26	93
0.27	94
0.27	96
0.28	98
0.29	99
0.30	100
0.31	102
0.31	103
0.32	105
0.33	106
0.34	108
0.35	109
0.35	111
0.36	112
0.37	114
0.38	116
0.38	117
0.39	119
0.40	120
0.41	122
0.42	123
0.42	125
0.43	126
0.44	129
0.45	130
0.46	132
0.46	133
0.47	135
0.48	136
0.49	137
0.49	139
0.50	140
0.51	142
0.52	143
0.53	145
0.53	147
0.54	148
0.55	150
0.56	152
0.57	153
0.57	155
0.58	156
0.59	158
0.60	160
0.60	161
0.61	163
0.62	164
0.63	166
0.64	167
0.64	168
0.65	171
0.66	172
0.67	173
0.68	175
0.68	176
0.69	178
0.70	179
0.71	181
0.71	182
0.72	184
0.73	185
0.74	187
0.75	189
0.75	190
0.76	192
0.77	193
0.78	195
0.79	196
0.79	198
0.80	199
0.81	200
0.82	202
0.82	203
0.83	204
0.84	206
0.85	207
0.86	208
0.86	210
0.87	211
0.88	214
0.89	215
0.90	217
0.90	218
0.91	220
0.92	221
0.93	223
0.93	224
0.94	226
0.95	227
0.96	229
0.97	230
0.97	231
0.98	233
0.99	234
1.00	236
1.01	237
1.01	238
1.02	239
1.03	241
1.04	242
1.04	244
1.05	245
1.06	247
1.07	249
1.08	251
1.08	253
1.09	257
1.10	259
1.11	262
1.12	266
1.12	272
1.12	286
1.11	292
1.10	296
1.09	300
1.08	303
1.08	306
1.07	309
1.06	312
1.05	314
1.04	317
1.04	319
1.03	322
1.02	325
1.01	327
1.01	330
1.00	333
0.99	336
0.98	342
0.97	348
0.97	355
0.96	361
0.95	367
0.94	374
0.93	381
0.93	389
0.92	397
0.91	407
0.90	421
0.90	442
0.90	1360
0.91	1369
0.92	1375
0.93	1379
0.93	1383
0.94	1386
0.95	1389
0.96	1392
0.97	1395
0.97	1397
0.98	1399
0.99	1401
1.00	1403
1.01	1405
1.01	1408
1.02	1410
1.03	1412
1.04	1414
1.04	1417
1.05	1419
1.06	1423
1.07	1426
1.08	1432
1.08	1439
1.08	1455
1.07	1461
1.06	1466
1.05	1471
1.04	1475
1.04	1479
1.03	1483
1.02	1486
1.01	1490
1.01	1495
1.00	1500
0.99	1505
1.00	1518
1.01	1522
1.01	1527
1.02	1532
1.03	1541
1.02	1570
1.01	1586
1.01	1600
1.00	1615
1.01	1629
1.01	1634
1.02	1643
1.01	1664
1.01	1686
